Time	Lead II
0	0
0.01	0
0.02	0
0.03	0
0.04	0
0.05	0
0.06	0
0.07	0
0.08	0
0.09	0
0.1	0
0.11	0
0.12	0
0.13	0
0.14	0
0.15	0
0.16	0
0.17	0
0.18	0
0.19	0
0.2	0
0.21	0
0.22	0
0.23	0
0.24	0
0.25	0
0.26	0
0.27	0
0.28	0
0.29	0
0.3	0
0.31	0
0.32	0
0.33	0
0.34	0
0.35	0
0.36	0
0.37	0
0.38	0
0.39	0
0.4	0
0.41	0
0.42	0
0.43	0
0.44	0
0.45	0
0.46	0
0.47	0
0.48	0
0.49	0
0.5	0
0.51	0
0.52	0
0.53	0
0.54	0
0.55	0
0.56	0
0.57	0
0.58	0
0.59	0
0.6	0
0.61	0
0.62	0
0.63	0
0.64	0
0.65	0
0.66	0
0.67	0
0.68	0
0.69	0
0.7	0
0.71	0
0.72	0
0.73	0
0.74	0
0.75	0
0.76	0
0.77	0
0.78	0
0.79	0
0.8	0
0.81	0
0.82	0
0.83	0
0.84	0
0.85	0
0.86	0
0.87	0
0.88	0
0.89	0
0.9	0
0.91	0
0.92	0
0.93	0
0.94	0
0.95	0
0.96	0
0.97	0
0.98	0
0.99	0
1	0
1.01	0
1.02	0
1.03	0
1.04	0
1.05	0
1.06	0
1.07	0
1.08	0
1.09	0
1.1	0
1.11	0
1.12	0
1.13	0
1.14	0
1.15	0
1.16	0
1.17	0
1.18	0
1.19	0
1.2	0
1.21	0
1.22	0
1.23	0
1.24	0
1.25	0
1.26	0
1.27	0
1.28	0
1.29	0
1.3	0
1.31	0
1.32	0
1.33	0
1.34	0
1.35	0
1.36	0
1.37	0
1.38	0
1.39	0
1.4	0
1.41	0
1.42	0
1.43	0
1.44	0
1.45	0
1.46	0
1.47	0
1.48	0
1.49	0
1.5	0
1.51	0
1.52	0
1.53	0
1.54	0
1.55	0
1.56	0
1.57	0
1.58	0
1.59	0
1.6	0
1.61	0
1.62	0
1.63	0
1.64	0
1.65	0
1.66	0
1.67	0
1.68	0
1.69	0
1.7	0
1.71	0
1.72	0
1.73	0
1.74	0
1.75	0
1.76	0
1.77	0
1.78	0
1.79	0
1.8	0
1.81	0
1.82	0
1.83	0
1.84	0
1.85	0
1.86	0
1.87	0
1.88	0
1.89	0
1.9	0
1.91	0
1.92	0
1.93	0
1.94	0
1.95	0
1.96	0
1.97	0
1.98	0
1.99	0
2	-0.00480248
2.01	-0.051111
2.02	-0.0961329
2.03	-0.134553
2.04	-0.144133
2.05	-0.143881
2.06	-0.141727
2.07	-0.113095
2.08	-0.110999
2.09	-0.109845
2.1	-0.101973
2.11	-0.10055
2.12	-0.0877704
2.13	-0.0839656
2.14	-0.0760171
2.15	-0.0687267
2.16	-0.0576685
2.17	-0.027602
2.18	-0.0120865
2.19	0.00714593
2.2	0.0235745
2.21	0.0205183
2.22	0.0241927
2.23	0.00148321
2.24	-0.0272967
2.25	-0.0425951
2.26	-0.0572166
2.27	-0.0546317
2.28	-0.0673945
2.29	-0.0691265
2.3	-0.0451139
2.31	-0.00867149
2.32	0.111968
2.33	0.283019
2.34	0.333797
2.35	0.21571
2.36	0.0557136
2.37	-0.0218207
2.38	-0.0482309
2.39	-0.0450774
2.4	-0.0422342
2.41	-0.0533906
2.42	-0.0486093
2.43	-0.0485341
2.44	-0.0429104
2.45	-0.0417855
2.46	-0.0464879
2.47	-0.0306706
2.48	-0.0280151
2.49	-0.0242657
2.5	-0.022099
2.51	-0.0222201
2.52	-0.00553599
2.53	-0.00424536
2.54	0.00477245
2.55	0.0106476
2.56	0.00369103
2.57	0.0185248
2.58	0.024048
2.59	0.0299291
2.6	0.0388657
2.61	0.0409792
2.62	0.0502189
2.63	0.0405085
2.64	0.0336612
2.65	0.0263695
2.66	0.0132213
2.67	0.0150116
2.68	0.00849251
2.69	0.00696182
2.7	0.0106484
2.71	0.0107559
2.72	0.020444
2.73	0.015732
2.74	0.0160427
2.75	0.0177724
2.76	0.0108909
2.77	0.0154439
2.78	0.00323194
2.79	0.00214594
2.8	0.00872497
2.81	0.00172797
2.82	0.00314464
2.83	0.00157517
2.84	0.0026304
2.85	0.00270363
2.86	-0.00580736
2.87	-0.000119672
2.88	-0.00678043
2.89	-0.00907604
2.9	-0.0142664
2.91	-0.0196148
2.92	-0.0086129
2.93	-0.0132083
2.94	-0.00995138
2.95	-0.00485598
2.96	-0.0102572
2.97	-0.00150466
2.98	-0.0132666
2.99	-0.0218897
3	-0.0118593
3.01	-0.00261326
3.02	0.0207399
3.03	0.0245558
3.04	0.0436824
3.05	0.064414
3.06	0.063772
3.07	0.0588503
3.08	0.0300857
3.09	-0.000341044
3.1	-0.0204416
3.11	-0.0351422
3.12	-0.0314081
3.13	-0.0408329
3.14	-0.0371719
3.15	-0.0198462
3.16	0.0124099
3.17	0.140508
3.18	0.305376
3.19	0.346638
3.2	0.224524
3.21	0.067003
3.22	-0.00690062
3.23	-0.0350986
3.24	-0.0414393
3.25	-0.0414138
3.26	-0.0499856
3.27	-0.042566
3.28	-0.0430181
3.29	-0.03741
3.3	-0.0352633
3.31	-0.0425504
3.32	-0.032834
3.33	-0.0296944
3.34	-0.0231861
3.35	-0.0200234
3.36	-0.0265197
3.37	-0.0159648
3.38	-0.0155225
3.39	-0.00564048
3.4	0.00430922
3.41	0.0020519
3.42	0.0135343
3.43	0.0122767
3.44	0.0176013
3.45	0.0311578
3.46	0.0362317
3.47	0.0469226
3.48	0.0327613
3.49	0.0197139
3.5	0.0117417
3.51	-0.0069476
3.52	-0.00492201
3.53	-0.0103676
3.54	-0.00834449
3.55	8.49439e-05
3.56	-0.00171341
3.57	0.00664067
3.58	0.00358329
3.59	0.00461375
3.6	0.00803239
3.61	0.00134021
3.62	0.00127989
3.63	-0.00735595
3.64	-0.000307207
3.65	0.00159134
3.66	-0.0129418
3.67	-0.00862341
3.68	-0.013198
3.69	-0.013954
3.7	-0.0144832
3.71	-0.0240213
3.72	-0.0186503
3.73	-0.023392
3.74	-0.0224452
3.75	-0.019669
3.76	-0.0290267
3.77	-0.0267851
3.78	-0.0316065
3.79	-0.0295629
3.8	-0.0274844
3.81	-0.0332886
3.82	-0.0251612
3.83	-0.0279483
3.84	-0.0291309
3.85	-0.0235145
3.86	-0.0172757
3.87	0.00450657
3.88	0.0120201
3.89	0.0291144
3.9	0.0515028
3.91	0.0515474
3.92	0.0433557
3.93	0.015762
3.94	-0.0107508
3.95	-0.0335236
3.96	-0.0550561
3.97	-0.0549652
3.98	-0.0643302
3.99	-0.0586142
4	-0.040851
4.01	-0.0224891
4.02	0.0884959
4.03	0.254302
4.04	0.319432
4.05	0.218378
4.06	0.0570034
4.07	-0.0253886
4.08	-0.0587244
4.09	-0.0689735
4.1	-0.0687117
4.11	-0.0676714
4.12	-0.0568262
4.13	-0.0512708
4.14	-0.0418104
4.15	-0.0388592
4.16	-0.0461965
4.17	-0.0394887
4.18	-0.0434495
4.19	-0.039585
4.2	-0.0297801
4.21	-0.0255603
4.22	-0.0172663
4.23	-0.017426
4.24	-0.00693126
4.25	-0.000490462
4.26	-0.00488966
4.27	0.0038665
4.28	0.0021292
4.29	0.0164723
4.3	0.041709
4.31	0.0435621
4.32	0.0463837
4.33	0.0319934
4.34	0.0217846
4.35	0.0132464
4.36	0.000424303
4.37	0.0095814
4.38	0.00642682
4.39	0.00823372
4.4	0.0120228
4.41	4.84303e-05
4.42	0.00235412
4.43	-0.00658291
4.44	0.0019787
4.45	0.0147892
4.46	0.00995269
4.47	0.0162155
4.48	0.00998407
4.49	0.00642033
4.5	0.00340144
4.51	-0.00681325
4.52	0.00612152
4.53	0.0017272
4.54	-0.000664877
4.55	0.00461797
4.56	-0.00440115
4.57	-0.00138986
4.58	-0.00686814
4.59	-0.00671409
4.6	-0.00683242
4.61	-0.00938651
4.62	0.00541141
4.63	0.00609168
4.64	0.00708234
4.65	0.00787589
4.66	-0.00100207
4.67	0.00687299
4.68	0.00770542
4.69	0.0206914
4.7	0.0374696
4.71	0.0400025
4.72	0.0670937
4.73	0.0740065
4.74	0.0696535
4.75	0.0590984
4.76	0.0323131
4.77	0.0114769
4.78	-0.014059
4.79	-0.0265451
4.8	-0.0253377
4.81	-0.0314862
4.82	-0.025
4.83	-0.0188353
4.84	0.0483294
4.85	0.217524
4.86	0.331127
4.87	0.276962
4.88	0.119466
4.89	0.00903301
4.9	-0.0292768
4.91	-0.0479938
4.92	-0.0403941
4.93	-0.0448142
4.94	-0.0536522
4.95	-0.0517618
4.96	-0.0545178
4.97	-0.0423929
4.98	-0.0389927
4.99	-0.0400306
5	-0.0384372
5.01	-0.0385692
5.02	-0.0288033
5.03	-0.029562
5.04	-0.0274271
5.05	-0.0221269
5.06	-0.0216262
5.07	-0.00619967
5.08	-6.07287e-05
5.09	0.00695369
5.1	0.0138873
5.11	0.0120261
5.12	0.0264593
5.13	0.0338818
5.14	0.041467
5.15	0.0379353
5.16	0.0174752
5.17	0.0137779
5.18	-0.000565486
5.19	-0.00852642
5.2	-0.00735854
5.21	-0.00666456
5.22	0.00519852
5.23	0.00248663
5.24	0.00535667
5.25	0.0121197
5.26	0.00782302
5.27	0.012104
5.28	0.00643484
5.29	0.00765692
5.3	0.0106278
5.31	0.00198866
5.32	0.00679824
5.33	-0.00527906
5.34	-0.0104691
5.35	-0.00200628
5.36	-0.0087456
5.37	-0.010922
5.38	-0.0194251
5.39	-0.0153936
5.4	-0.0117207
5.41	-0.0212035
5.42	-0.013244
5.43	-0.0183136
5.44	-0.0215924
5.45	-0.0187858
5.46	-0.0257206
5.47	-0.0216009
5.48	-0.0261865
5.49	-0.0245554
5.5	-0.01958
5.51	-0.0267975
5.52	-0.0214757
5.53	-0.025102
5.54	-0.0167615
5.55	-0.00125638
5.56	0.00334685
5.57	0.0289293
5.58	0.0456561
5.59	0.0542052
5.6	0.0500813
5.61	0.026337
5.62	0.00985029
5.63	-0.0176475
5.64	-0.0379374
5.65	-0.0418658
5.66	-0.0547013
5.67	-0.0543436
5.68	-0.0604017
5.69	-0.0419516
5.7	0.0187983
5.71	0.159937
5.72	0.31797
5.73	0.303909
5.74	0.158489
5.75	0.0294626
5.76	-0.0467039
5.77	-0.0582557
5.78	-0.0555861
5.79	-0.0568325
5.8	-0.0579752
5.81	-0.0717427
5.82	-0.0598928
5.83	-0.0577249
5.84	-0.0561566
5.85	-0.0493123
5.86	-0.0490638
5.87	-0.0353519
5.88	-0.0361866
5.89	-0.0384409
5.9	-0.0312158
5.91	-0.0303128
5.92	-0.019762
5.93	-0.0184883
5.94	-0.0128608
5.95	-0.00306703
5.96	-0.00502593
5.97	0.00363657
5.98	0.00989181
5.99	0.0279639
6	0.038229
6.01	0.0266444
6.02	0.0277239
6.03	0.0100779
6.04	-0.000685005
6.05	-0.00399856
6.06	-0.0149922
6.07	-0.00640071
6.08	-0.00762918
6.09	-0.00173743
6.1	0.00845017
6.11	0.00933484
6.12	0.0189947
6.13	0.0124363
6.14	0.00872592
6.15	0.00869599
6.16	-0.000887204
6.17	0.00443181
6.18	-0.00129605
6.19	-0.0058717
6.2	-0.00414487
6.21	-0.0119912
6.22	-0.00671685
6.23	-0.0135679
6.24	-0.0145807
6.25	-0.00685063
6.26	-0.0164154
6.27	-0.0201199
6.28	-0.0264077
6.29	-0.0237035
6.3	-0.0194411
6.31	-0.0296736
6.32	-0.0264142
6.33	-0.0274836
6.34	-0.0198302
6.35	-0.0138802
6.36	-0.0278806
6.37	-0.0214567
6.38	-0.0240871
6.39	-0.022348
6.4	-0.0184362
6.41	-0.0324139
6.42	-0.0235429
6.43	-0.017256
6.44	-0.00462512
6.45	0.0181493
6.46	0.0274933
6.47	0.0455793
6.48	0.038201
6.49	0.0194645
6.5	-0.000786682
6.51	-0.0310075
6.52	-0.0429086
6.53	-0.0551496
6.54	-0.0587474
6.55	-0.0598042
6.56	-0.0692928
6.57	-0.0509797
6.58	-0.0168699
6.59	0.113555
6.6	0.29393
6.61	0.322243
6.62	0.2009
6.63	0.0464736
6.64	-0.0374709
6.65	-0.0600914
6.66	-0.0730497
6.67	-0.0634359
6.68	-0.0633003
6.69	-0.064028
6.7	-0.058099
6.71	-0.0599131
6.72	-0.0468152
6.73	-0.0507463
6.74	-0.0517672
6.75	-0.0421014
6.76	-0.0419104
6.77	-0.0328679
6.78	-0.0348563
6.79	-0.0296379
6.8	-0.0201252
6.81	-0.0250472
6.82	-0.00865702
6.83	-0.00336598
6.84	-0.00025317
6.85	0.0135919
6.86	0.0139978
6.87	0.0280403
6.88	0.0288413
6.89	0.0215712
6.9	0.0143949
6.91	-0.00235813
6.92	-0.00167724
6.93	-0.0102995
6.94	-0.0162278
6.95	-0.0126774
6.96	-0.0170967
6.97	-0.00993257
6.98	-0.0167539
6.99	-0.0113274
7	0.00254891
7.01	-0.00297199
7.02	-0.00262482
7.03	-0.0140856
7.04	-0.00847511
7.05	0.00166248
7.06	-0.0075736
7.07	-9.77716e-05
7.08	-0.0103627
7.09	-0.0193116
7.1	-0.0134438
7.11	-0.019048
7.12	-0.0169506
7.13	-0.0253868
7.14	-0.0242054
7.15	-0.0187689
7.16	-0.0256356
7.17	-0.0166085
7.18	-0.0212395
7.19	-0.0253951
7.2	-0.0233416
7.21	-0.0307366
7.22	-0.0264097
7.23	-0.0312033
7.24	-0.0295087
7.25	-0.0210166
7.26	-0.0281088
7.27	-0.0218705
7.28	-0.0234019
7.29	-0.0193951
7.3	-0.00953432
7.31	-0.00617665
7.32	0.0145544
7.33	0.0293172
7.34	0.0471752
7.35	0.0570318
7.36	0.0478931
7.37	0.0412261
7.38	0.010452
7.39	-0.0175151
7.4	-0.0320459
7.41	-0.0462195
7.42	-0.0383756
7.43	-0.0492551
7.44	-0.0470613
7.45	-0.0204361
7.46	0.0400343
7.47	0.209277
7.48	0.330377
7.49	0.287174
7.5	0.147958
7.51	0.0182233
7.52	-0.0339852
7.53	-0.053155
7.54	-0.0491133
7.55	-0.0378449
7.56	-0.0442409
7.57	-0.0369764
7.58	-0.0395337
7.59	-0.0358546
7.6	-0.0270767
7.61	-0.0345339
7.62	-0.0245044
7.63	-0.0245908
7.64	-0.0224711
7.65	-0.0102233
7.66	-0.00800567
7.67	0.00285806
7.68	0.00222174
7.69	0.00915496
7.7	0.0177663
7.71	0.0105836
7.72	0.0169915
7.73	0.0236956
7.74	0.0396881
7.75	0.0499296
7.76	0.0461017
7.77	0.0546288
7.78	0.0481747
7.79	0.037414
7.8	0.0274056
7.81	0.00852539
7.82	0.0168413
7.83	0.0195348
7.84	0.0214252
7.85	0.0220194
7.86	0.0100176
7.87	0.0239594
7.88	0.026421
7.89	0.0246454
7.9	0.0263279
7.91	0.014301
7.92	0.0199528
7.93	0.0181494
7.94	0.0157598
7.95	0.0121339
7.96	-3.26792e-05
7.97	0.00423269
7.98	-0.00381794
7.99	-0.00541959
8	0.000464286
8.01	-0.00979417
8.02	-0.00655958
8.03	-0.0111869
8.04	-0.0105374
8.05	-0.00804366
8.06	-0.0196868
8.07	-0.0138261
8.08	-0.0143608
8.09	-0.0143947
8.1	-0.0141572
8.11	-0.0271006
8.12	-0.0211206
8.13	-0.0249739
8.14	-0.0251484
8.15	-0.0235288
8.16	-0.0335023
8.17	-0.0138532
8.18	0.00252515
8.19	0.0174069
8.2	0.0316496
8.21	0.0342543
8.22	0.0433987
8.23	0.0314414
8.24	0.0106206
8.25	-0.0139456
8.26	-0.0437306
8.27	-0.0487007
8.28	-0.0620033
8.29	-0.0717169
8.3	-0.0604288
8.31	-0.0508356
8.32	-0.0172345
8.33	0.0698423
8.34	0.241408
8.35	0.333538
8.36	0.229519
8.37	0.0777039
8.38	-0.0292003
8.39	-0.0672372
8.4	-0.0614562
8.41	-0.067097
8.42	-0.0641153
8.43	-0.067193
8.44	-0.0651519
8.45	-0.0630882
8.46	-0.0685794
8.47	-0.0546901
8.48	-0.0501061
8.49	-0.0453962
8.5	-0.0381922
8.51	-0.0402987
8.52	-0.0252781
8.53	-0.0245737
8.54	-0.0197417
8.55	-0.00616432
8.56	-0.0112081
8.57	-0.00499395
8.58	-0.0052113
8.59	0.00657246
8.6	0.0307493
8.61	0.0301761
8.62	0.0417882
8.63	0.0373839
8.64	0.0289958
8.65	0.019201
8.66	0.00287318
8.67	0.00726737
8.68	0.000307067
8.69	0.00198753
8.7	0.0109052
8.71	0.00182423
8.72	-0.000140692
8.73	-0.00317882
8.74	0.00364508
8.75	0.011003
8.76	0.00379775
8.77	0.0172654
8.78	0.0130467
8.79	0.0115118
8.8	0.0156898
8.81	0.00347407
8.82	0.00102375
8.83	-0.0175911
8.84	-0.019084
8.85	-0.0103307
8.86	-0.0200953
8.87	-0.0137044
8.88	-0.0183317
8.89	-0.0194091
8.9	-0.0148524
8.91	-0.0246111
8.92	-0.0176888
8.93	-0.0249124
8.94	-0.0239723
8.95	-0.0194561
8.96	-0.0298977
8.97	-0.0177416
8.98	-0.0212777
8.99	-0.0221543
9	-0.0141767
9.01	-0.0244299
9.02	-0.0211089
9.03	-0.0244786
9.04	-0.0221127
9.05	-0.00534926
9.06	0.000570046
9.07	0.0210629
9.08	0.0376437
9.09	0.0503384
9.1	0.0523778
9.11	0.0296927
9.12	0.0169401
9.13	-0.0167218
9.14	-0.039656
9.15	-0.0457598
9.16	-0.0597015
9.17	-0.0531574
9.18	-0.0560902
9.19	-0.050525
9.2	-0.030381
9.21	0.0491088
9.22	0.242519
9.23	0.341348
9.24	0.256997
9.25	0.102796
9.26	-0.0156027
9.27	-0.0516515
9.28	-0.0684597
9.29	-0.0695741
9.3	-0.0597137
9.31	-0.0666649
9.32	-0.0587215
9.33	-0.0588402
9.34	-0.0531223
9.35	-0.037302
9.36	-0.0448281
9.37	-0.0390223
9.38	-0.0429752
9.39	-0.0419621
9.4	-0.0302172
9.41	-0.0283648
9.42	-0.0117212
9.43	-0.00955564
9.44	-0.00569773
9.45	0.00358612
9.46	-0.00341216
9.47	0.0101304
9.48	0.0152014
9.49	0.0265965
9.5	0.0473431
9.51	0.0403889
9.52	0.0365646
9.53	0.0249513
9.54	0.0177727
9.55	0.0147925
9.56	-0.00235945
9.57	0.000926859
9.58	0.00130105
9.59	0.00703882
9.6	0.0118257
9.61	0.00580891
9.62	0.0177351
9.63	0.0133112
9.64	0.0153721
9.65	0.023208
9.66	0.0134136
9.67	0.0148677
9.68	0.00425709
9.69	-0.00288836
9.7	0.000711608
9.71	-0.0123049
9.72	-0.00710268
9.73	-0.0129159
9.74	-0.0112089
9.75	-0.00966406
9.76	-0.0211282
9.77	-0.0112613
9.78	-0.0126755
9.79	-0.0143812
9.8	-0.0120278
9.81	-0.0256731
9.82	-0.0206141
9.83	-0.0264266
9.84	-0.0234118
9.85	-0.0156077
9.86	-0.0221011
9.87	-0.00962633
9.88	-0.0162102
9.89	-0.0234452
9.9	-0.0210184
9.91	-0.0297076
9.92	-0.0194825
9.93	-0.00927563
9.94	0.00850779
9.95	0.0256369
9.96	0.0287689
9.97	0.0447819
9.98	0.0341801
9.99	0.0266774
10	0.0227773
10.01	-0.0038795
10.02	-0.0162868
10.03	-0.0421501
10.04	-0.0583232
10.05	-0.0488101
10.06	-0.0479286
10.07	-0.0386761
10.08	-0.0319139
10.09	0.0424172
10.1	0.220972
10.11	0.3336
10.12	0.279334
10.13	0.117048
10.14	-0.00346977
10.15	-0.0449654
10.16	-0.0612416
10.17	-0.0513512
10.18	-0.0578206
10.19	-0.0608925
10.2	-0.0481787
10.21	-0.0550738
10.22	-0.0564887
10.23	-0.063096
10.24	-0.0557746
10.25	-0.0420171
10.26	-0.0438809
10.27	-0.0316437
10.28	-0.0345779
10.29	-0.0334628
10.3	-0.0233568
10.31	-0.0281581
10.32	-0.014684
10.33	-0.0126647
10.34	-0.00947859
10.35	-0.000555865
10.36	-0.00292373
10.37	0.0186824
10.38	0.0269325
10.39	0.0241242
10.4	0.0196322
10.41	-0.000833498
10.42	-0.00309949
10.43	-0.0101079
10.44	-0.0117895
10.45	-0.0117188
10.46	-0.0231505
10.47	-0.0100846
10.48	-0.0103355
10.49	-0.00660256
10.5	-0.0032631
10.51	-0.0164455
10.52	-0.00887349
10.53	-0.0129378
10.54	-0.0135007
10.55	-0.00599673
10.56	-0.014834
10.57	-0.00528257
10.58	-0.0170962
10.59	-0.025407
10.6	-0.0162446
10.61	-0.024988
10.62	-0.0218379
10.63	-0.0247474
10.64	-0.0237901
10.65	-0.0208561
10.66	-0.0323905
10.67	-0.0251472
10.68	-0.0324517
10.69	-0.0329386
10.7	-0.0239992
10.71	-0.0325604
10.72	-0.0292707
10.73	-0.03929
10.74	-0.0410895
10.75	-0.0351556
10.76	-0.0388728
10.77	-0.0235394
10.78	-0.0168881
10.79	-0.00144038
10.8	0.0211171
10.81	0.0218237
10.82	0.0429937
10.83	0.0506708
10.84	0.0478446
10.85	0.0382148
10.86	0.00212167
10.87	-0.0207364
10.88	-0.0455635
10.89	-0.0482068
10.9	-0.0353052
10.91	-0.0378672
10.92	-0.0180789
10.93	0.000552755
10.94	0.0823626
10.95	0.261308
10.96	0.351595
10.97	0.275781
10.98	0.110879
10.99	0.00176615
11	-0.0266194
11.01	-0.0396164
11.02	-0.0357409
11.03	-0.0412327
11.04	-0.0342293
11.05	-0.02656
11.06	-0.036469
11.07	-0.0259999
11.08	-0.0227736
11.09	-0.0193967
11.1	-0.0139804
11.11	-0.0254696
11.12	-0.0103282
11.13	-0.00583126
11.14	-0.000658478
11.15	0.00858008
11.16	0.000678509
11.17	0.0126883
11.18	0.0131579
11.19	0.013109
11.2	0.0237266
11.21	0.0241204
11.22	0.036939
11.23	0.041893
11.24	0.0486336
11.25	0.0564565
11.26	0.0353573
11.27	0.0236108
11.28	0.0118243
11.29	0.0102401
11.3	0.0138038
11.31	0.00187014
11.32	0.00686031
11.33	0.00686786
11.34	0.0138935
11.35	0.0194746
11.36	0.0079897
11.37	0.0141292
11.38	0.00580119
11.39	0.00373908
11.4	0.0108619
11.41	-0.000480113
11.42	0.00341868
11.43	-0.00262426
11.44	-0.00915169
11.45	-0.00498826
11.46	-0.0136031
11.47	-0.0115541
11.48	-0.0159834
11.49	-0.01304
11.5	-0.00886001
11.51	-0.0263912
11.52	-0.0274592
11.53	-0.0347984
11.54	-0.029112
11.55	-0.0155257
11.56	-0.026867
11.57	-0.0239558
11.58	-0.0297614
11.59	-0.034212
11.6	-0.026062
11.61	-0.0228499
11.62	0.00198106
11.63	0.0131002
11.64	0.0238607
11.65	0.0435324
11.66	0.0376869
11.67	0.0356501
11.68	0.00999811
11.69	-0.0156361
11.7	-0.0324013
11.71	-0.0564986
11.72	-0.0575191
11.73	-0.0660881
11.74	-0.0634161
11.75	-0.0402744
11.76	-0.0199256
11.77	0.095062
11.78	0.268438
11.79	0.325941
11.8	0.219025
11.81	0.0607949
11.82	-0.0175121
11.83	-0.0533052
11.84	-0.0643304
11.85	-0.0536874
11.86	-0.057884
11.87	-0.0495174
11.88	-0.0552323
11.89	-0.058562
11.9	-0.0562926
11.91	-0.0630679
11.92	-0.0460214
11.93	-0.0453604
11.94	-0.0421597
11.95	-0.0296064
11.96	-0.03227
11.97	-0.0184963
11.98	-0.0172629
11.99	-0.016567
12	-0.00771813
12.01	-0.0136121
12.02	-0.0032818
12.03	0.00524925
12.04	0.0128167
12.05	0.0268887
12.06	0.0245749
12.07	0.0305651
12.08	0.018318
12.09	0.00334294
12.1	-0.00428831
12.11	-0.0217352
12.12	-0.0121708
12.13	-0.0153467
12.14	-0.0219722
12.15	-0.0114877
12.16	-0.0139026
12.17	-0.0071328
12.18	-0.00969895
12.19	-0.0100581
12.2	-0.00648368
12.21	-0.0182322
12.22	-0.00787506
12.23	-0.0129663
12.24	-0.0225317
12.25	-0.0186063
12.26	-0.0267904
12.27	-0.0189091
12.28	-0.0250033
12.29	-0.0284523
12.3	-0.021698
12.31	-0.0365963
12.32	-0.0348474
12.33	-0.0295511
12.34	-0.0185973
12.35	-0.0132071
12.36	-0.0279982
12.37	-0.0241938
12.38	-0.0276818
12.39	-0.033784
12.4	-0.0319821
12.41	-0.0364481
12.42	-0.0278366
12.43	-0.0307179
12.44	-0.0288849
12.45	-0.0204088
12.46	-0.025749
12.47	-0.00690641
12.48	-0.00212768
12.49	0.000225561
12.5	0.0192094
12.51	0.0262562
12.52	0.0336449
12.53	0.01456
12.54	-0.0128683
12.55	-0.0292844
12.56	-0.0510203
12.57	-0.0446328
12.58	-0.045468
12.59	-0.0509921
12.6	-0.0413438
12.61	-0.0327355
12.62	0.0419885
12.63	0.20377
12.64	0.330432
12.65	0.287497
12.66	0.123295
12.67	0.0110539
12.68	-0.0416294
12.69	-0.0525617
12.7	-0.0465611
12.71	-0.0592078
12.72	-0.0527302
12.73	-0.0509963
12.74	-0.046378
12.75	-0.0381572
12.76	-0.0475429
12.77	-0.0386161
12.78	-0.0383185
12.79	-0.0318396
12.8	-0.0196776
12.81	-0.0325834
12.82	-0.014179
12.83	-0.0044188
12.84	-0.0024618
12.85	0.00503523
12.86	-9.28154e-05
12.87	0.0099431
12.88	0.0101854
12.89	0.0144322
12.9	0.0283534
12.91	0.032831
12.92	0.0429185
12.93	0.0334648
12.94	0.0176045
12.95	0.0171143
12.96	0.00487786
12.97	0.00948097
12.98	0.00207525
12.99	-0.00143971
13	0.00678794
13.01	0.00171381
13.02	0.0110017
13.03	0.0107137
13.04	0.0121699
13.05	0.0204221
13.06	0.0123052
13.07	0.0155067
13.08	0.00379163
13.09	-0.00225646
13.1	0.00759222
13.11	-0.00138538
13.12	0.00170346
13.13	-0.00393065
13.14	-0.0103707
13.15	-0.01179
13.16	-0.0254446
13.17	-0.0104253
13.18	-0.00833501
13.19	-0.0174289
13.2	-0.0151139
13.21	-0.0216
13.22	-0.0121874
13.23	-0.0169754
13.24	-0.0233791
13.25	-0.0233054
13.26	-0.0321214
13.27	-0.0186776
13.28	-0.0194762
13.29	-0.0132694
13.3	0.0102271
13.31	0.0133695
13.32	0.0317028
13.33	0.0408108
13.34	0.0347838
13.35	0.0216298
13.36	-0.00960267
13.37	-0.0221287
13.38	-0.0402889
13.39	-0.0508828
13.4	-0.0446905
13.41	-0.0559335
13.42	-0.049664
13.43	-0.0342117
13.44	0.0290571
13.45	0.190854
13.46	0.318259
13.47	0.294033
13.48	0.143179
13.49	0.00892701
13.5	-0.0421027
13.51	-0.0653288
13.52	-0.0644362
13.53	-0.0675935
13.54	-0.0664737
13.55	-0.0552314
13.56	-0.0584006
13.57	-0.0489158
13.58	-0.0502354
13.59	-0.0530036
13.6	-0.0467111
13.61	-0.0532298
13.62	-0.0371483
13.63	-0.0283368
13.64	-0.0224161
13.65	-0.00721423
13.66	-0.0123658
13.67	-0.000378974
13.68	-0.0036681
13.69	-0.00529151
13.7	0.00887582
13.71	0.00528296
13.72	0.0211378
13.73	0.0323162
13.74	0.0302953
13.75	0.0240119
13.76	0.00673852
13.77	0.00696904
13.78	-0.00255603
13.79	-0.00798995
13.8	-0.00547415
13.81	-0.0204246
13.82	-0.0194142
13.83	-0.0134606
13.84	-0.00374225
13.85	0.000174849
13.86	-0.00989951
13.87	-0.00102666
13.88	-0.0016408
13.89	-0.00556369
13.9	-0.00770511
13.91	-0.0241492
13.92	-0.00920582
13.93	-0.00126084
13.94	-0.00607025
13.95	-0.0099614
13.96	-0.0225443
13.97	-0.0149701
13.98	-0.0161113
13.99	-0.0118176
14	-0.00437036
14.01	-0.017568
14.02	-0.00693264
14.03	-0.00501896
14.04	-0.00988882
14.05	-0.00861273
14.06	-0.0193905
14.07	-0.01617
14.08	-0.0209173
14.09	-0.021601
14.1	-0.0121611
14.11	-0.0263277
14.12	-0.0225081
14.13	-0.0216536
14.14	-0.0153587
14.15	0.0078307
14.16	0.0108022
14.17	0.0266491
14.18	0.0370983
14.19	0.0403635
14.2	0.0438422
14.21	0.0204274
14.22	0.00457429
14.23	-0.0187363
14.24	-0.0327384
14.25	-0.0342378
14.26	-0.0520501
14.27	-0.0501772
14.28	-0.0418059
14.29	-0.0185107
14.3	0.0610625
14.31	0.215913
14.32	0.345181
14.33	0.290262
14.34	0.134843
14.35	0.0203485
14.36	-0.0389294
14.37	-0.0413425
14.38	-0.0504965
14.39	-0.0605241
14.4	-0.0582473
14.41	-0.0654696
14.42	-0.0547573
14.43	-0.0444934
14.44	-0.0405434
14.45	-0.0414435
14.46	-0.0514875
14.47	-0.037767
14.48	-0.0371429
14.49	-0.033162
14.5	-0.0194199
14.51	-0.028545
14.52	-0.0133676
14.53	-0.00502416
14.54	0.000475075
14.55	0.00684606
14.56	-0.00280756
14.57	0.0114222
14.58	0.0209706
14.59	0.0279524
14.6	0.0374018
14.61	0.0232746
14.62	0.0173906
14.63	0.00200284
14.64	-0.00543738
14.65	0.000695004
14.66	-0.0161263
14.67	-0.0155406
14.68	-0.0155498
14.69	-0.0134115
14.7	-0.00190555
14.71	-0.00910953
14.72	-0.0072947
14.73	-0.0109373
14.74	-0.004203
14.75	0.0103097
14.76	-0.00265883
14.77	-0.00654135
14.78	-0.00911608
14.79	-0.00944948
14.8	-0.0100883
14.81	-0.0320795
14.82	-0.0276535
14.83	-0.0220499
14.84	-0.0216478
14.85	-0.0176903
14.86	-0.0298459
14.87	-0.0229497
14.88	-0.0255068
14.89	-0.0329488
14.9	-0.0335948
14.91	-0.0401758
14.92	-0.0235987
14.93	-0.0226397
14.94	-0.0274259
14.95	-0.0195195
14.96	-0.0256539
14.97	-0.0226091
14.98	-0.0335394
14.99	-0.0386561
15	-0.019917
15.01	-0.0203755
15.02	-0.0112503
15.03	-0.00398307
15.04	0.00642841
15.05	0.0316642
15.06	0.0387424
15.07	0.0407915
15.08	0.0271913
15.09	0.00184515
15.1	-0.0286344
15.11	-0.0569336
15.12	-0.0510987
15.13	-0.0540292
15.14	-0.0547354
15.15	-0.0402057
15.16	-0.0352168
15.17	0.0298485
15.18	0.190836
15.19	0.322564
15.2	0.282815
15.21	0.115964
15.22	0.00435302
15.23	-0.0477073
15.24	-0.0678483
15.25	-0.0610742
15.26	-0.0626465
15.27	-0.0540036
15.28	-0.0536876
15.29	-0.0609119
15.3	-0.0549503
15.31	-0.0643339
15.32	-0.0550816
15.33	-0.0494872
15.34	-0.0470732
15.35	-0.0398722
15.36	-0.0469441
15.37	-0.0301765
15.38	-0.0179066
15.39	-0.0164702
15.4	-0.0101696
15.41	-0.0118125
15.42	0.00128648
15.43	0.00337981
15.44	0.00907105
15.45	0.0337361
15.46	0.0386135
15.47	0.0486008
15.48	0.0449748
15.49	0.0321608
15.5	0.0298996
15.51	0.0140445
15.52	0.0168076
15.53	0.0116394
15.54	0.00143623
15.55	0.00697514
15.56	0.00307556
15.57	0.02028
15.58	0.0199458
15.59	0.00769927
15.6	0.0102383
15.61	0.00252785
15.62	0.00960646
15.63	0.000942079
15.64	-0.00167217
15.65	0.0119551
15.66	0.00574515
15.67	0.00628119
15.68	-0.00172045
15.69	-0.0060453
15.7	0.000144344
15.71	-0.0149515
15.72	-0.00851793
15.73	-0.00694399
15.74	-0.00783055
15.75	-0.00417188
15.76	-0.0240354
15.77	-0.0212885
15.78	-0.0229684
15.79	-0.0181615
15.8	-0.0089495
15.81	-0.0163556
15.82	-0.0109361
15.83	-0.0139518
15.84	-0.021231
15.85	-0.0152715
15.86	-0.0161466
15.87	0.00906427
15.88	0.020794
15.89	0.03277
15.9	0.0568218
15.91	0.0443989
15.92	0.0328454
15.93	0.00603585
15.94	-0.0204286
15.95	-0.024185
15.96	-0.0422618
15.97	-0.0438481
15.98	-0.0486671
15.99	-0.0501585
16	-0.0254847
16.01	0.035382
16.02	0.214146
16.03	0.364409
16.04	0.319334
16.05	0.157909
16.06	0.0154853
16.07	-0.0283749
16.08	-0.0438864
16.09	-0.055029
16.1	-0.0469374
16.11	-0.0539832
16.12	-0.0430583
16.13	-0.0454109
16.14	-0.0533535
16.15	-0.043774
16.16	-0.0493556
16.17	-0.03648
16.18	-0.0346479
16.19	-0.0293112
16.2	-0.0137104
16.21	-0.0229401
16.22	-0.0117034
16.23	-0.00553925
16.24	-0.00621996
16.25	0.0087185
16.26	0.00440913
16.27	0.0107456
16.28	0.0106467
16.29	0.0147903
16.3	0.03517
16.31	0.0322664
16.32	0.0322184
16.33	0.0196733
16.34	0.00471077
16.35	0.00448058
16.36	-0.0051742
16.37	-0.00073825
16.38	-0.00903043
16.39	-0.0200961
16.4	-0.0050198
16.41	-0.000853811
16.42	0.0138661
16.43	0.0186018
16.44	0.0114028
16.45	0.00862489
16.46	-0.00497837
16.47	0.000461052
16.48	0.0037489
16.49	-4.63664e-05
16.5	0.00169021
16.51	-0.0114215
16.52	-0.00490628
16.53	-0.00449596
16.54	-0.0147744
16.55	-0.0116913
16.56	-0.0212745
16.57	-0.0183075
16.58	-0.0206821
16.59	-0.0218715
16.6	-0.0125272
16.61	-0.022207
16.62	-0.0158053
16.63	-0.0178834
16.64	-0.0231244
16.65	-0.0136516
16.66	-0.02315
16.67	-0.014647
16.68	-0.0163786
16.69	-0.0193084
16.7	-0.00933483
16.71	-0.021047
16.72	-0.0150635
16.73	-0.00218167
16.74	0.00839172
16.75	0.0281775
16.76	0.0361207
16.77	0.0555275
16.78	0.0470514
16.79	0.025643
16.8	0.0175428
16.81	-0.0114693
16.82	-0.0267465
16.83	-0.0368383
16.84	-0.042667
16.85	-0.0306145
16.86	-0.0328971
16.87	-0.0123823
16.88	0.0495286
16.89	0.208246
16.9	0.344874
16.91	0.290289
16.92	0.143074
16.93	0.0195121
16.94	-0.0358688
16.95	-0.0389567
16.96	-0.0515405
16.97	-0.0540751
16.98	-0.0628292
16.99	-0.065718
17	-0.0545876
17.01	-0.0632603
17.02	-0.0513164
17.03	-0.0453107
17.04	-0.0436695
17.05	-0.0310974
17.06	-0.0386163
17.07	-0.0286327
17.08	-0.0243275
17.09	-0.0222314
17.1	-0.0114555
17.11	-0.0167818
17.12	-0.00750558
17.13	-0.00175782
17.14	0.00268653
17.15	0.0211302
17.16	0.0210397
17.17	0.031648
17.18	0.0317547
17.19	0.025498
17.2	0.0279913
17.21	0.0141048
17.22	0.00988447
17.23	0.00361759
17.24	-0.000944711
17.25	0.00645565
17.26	-0.00231441
17.27	0.00501723
17.28	0.0116398
17.29	0.0089572
17.3	0.0120037
17.31	-0.00683106
17.32	-0.00438638
17.33	-0.00169413
17.34	-0.00878574
17.35	-0.00587989
17.36	-0.0173338
17.37	-0.0115377
17.38	-0.0148083
17.39	-0.0250284
17.4	-0.0206146
17.41	-0.0356776
17.42	-0.0356395
17.43	-0.0319311
17.44	-0.0320951
17.45	-0.0276869
17.46	-0.0371044
17.47	-0.0267788
17.48	-0.0271227
17.49	-0.039003
17.5	-0.0317542
17.51	-0.0349601
17.52	-0.027952
17.53	-0.0291765
17.54	-0.033939
17.55	-0.0266117
17.56	-0.0424908
17.57	-0.0405947
17.58	-0.0305281
17.59	-0.0179201
17.6	0.00288675
17.61	0.00569571
17.62	0.0289539
17.63	0.0341612
17.64	0.0149582
17.65	0.00386811
17.66	-0.0242822
17.67	-0.0364882
17.68	-0.0529477
17.69	-0.0643086
17.7	-0.0552573
17.71	-0.0597657
17.72	-0.0382154
17.73	0.00913576
17.74	0.145027
17.75	0.308147
17.76	0.295938
17.77	0.163482
17.78	0.0309264
17.79	-0.0457587
17.8	-0.0518565
17.81	-0.0535809
17.82	-0.0492433
17.83	-0.05045
17.84	-0.0582196
17.85	-0.0541552
17.86	-0.059999
17.87	-0.0502396
17.88	-0.049165
17.89	-0.053029
17.9	-0.039672
17.91	-0.0415394
17.92	-0.026048
17.93	-0.0146614
17.94	-0.0167828
17.95	-0.0144443
17.96	-0.0239302
17.97	-0.0110372
17.98	-0.00425583
17.99	-0.0093484
18	-0.00108251
18.01	0.0026596
18.02	0.0276851
18.03	0.0397762
18.04	0.0342273
18.05	0.0396113
18.06	0.0186804
18.07	0.0128467
18.08	0.00953327
18.09	0.00223433
18.1	0.0117937
18.11	0.00629437
18.12	0.0137781
18.13	0.0157869
18.14	0.0187934
18.15	0.0307533
18.16	0.0127132
18.17	0.0182887
18.18	0.025479
18.19	0.0200592
18.2	0.0172961
18.21	0.00177032
18.22	0.0103498
18.23	0.010774
18.24	0.00189193
18.25	0.00663478
18.26	-0.00541247
18.27	0.00239185
18.28	0.00728708
18.29	-0.000816607
18.3	-0.000124326
18.31	-0.0117712
18.32	-0.00769531
18.33	-0.00778942
18.34	-0.0113991
18.35	-0.00244613
18.36	-0.0109154
18.37	-0.00414836
18.38	-0.00104111
18.39	-0.00282453
18.4	0.0147826
18.41	0.0207481
18.42	0.0428257
18.43	0.0571366
18.44	0.0495998
18.45	0.049087
18.46	0.0226128
18.47	0.00142941
18.48	-0.0132529
18.49	-0.0294505
18.5	-0.0290375
18.51	-0.0376827
18.52	-0.0285474
18.53	-0.0166944
18.54	0.0147379
18.55	0.148057
18.56	0.302447
18.57	0.333695
18.58	0.206363
18.59	0.0606639
18.6	-0.00795261
18.61	-0.0412891
18.62	-0.0428718
18.63	-0.0502746
18.64	-0.0549913
18.65	-0.0420904
18.66	-0.0518254
18.67	-0.0492729
18.68	-0.0460395
18.69	-0.0460712
18.7	-0.0337267
18.71	-0.0318248
18.72	-0.019294
18.73	-0.0177553
18.74	-0.0208613
18.75	-0.0102991
18.76	-0.0196417
18.77	-0.00801766
18.78	0.0112152
18.79	0.0118602
18.8	0.0218193
18.81	0.017521
18.82	0.0303409
18.83	0.0419298
18.84	0.0433307
18.85	0.0453125
18.86	0.0264462
18.87	0.0253454
18.88	0.0187469
18.89	0.00934554
18.9	0.0174831
18.91	0.00292731
18.92	0.00697506
18.93	0.00881636
18.94	0.0036401
18.95	0.017724
18.96	0.00821145
18.97	0.0113574
18.98	0.00985922
18.99	-0.00173194
19	0.00369871
19.01	-0.00298116
19.02	0.00145381
19.03	-0.00353522
19.04	-0.0150395
19.05	-0.0102498
19.06	-0.0201053
19.07	-0.0178848
19.08	-0.0191534
19.09	-0.0235739
19.1	-0.0142105
19.11	-0.0260587
19.12	-0.0235766
19.13	-0.0240299
19.14	-0.0314765
19.15	-0.0202093
19.16	-0.033414
19.17	-0.0357795
19.18	-0.0324916
19.19	-0.0322114
